pZero: 0.16666666666666666
pOne: 0.16666666666666666
pTwo: 0.16666666666666666
pFour: 0.16666666666666666
pSix: 0.16666666666666666
pOut: 0.16666666666666666
pNoBall: 0